tree
version=v4
num_class=1
num_tree_per_iteration=1
label_index=0
max_feature_idx=21
objective=regression
feature_names=Column_0 Column_1 Column_2 Column_3 Column_4 Column_5 Column_6 Column_7 Column_8 Column_9 Column_10 Column_11 Column_12 Column_13 Column_14 Column_15 Column_16 Column_17 Column_18 Column_19 Column_20 Column_21
feature_infos=none none none none none none none none none none none none none none none none none none none none none none
tree_sizes=773 704 806 713 796 712 803 794 711 715 717 804 718 812 806 619 612 628 716 625 724 628 630 628 628 537 814 536 620 628 624 627 534 629 630 629 726 625 630 626 726 536 722 537 628 538 635 534 626 540 537 545 632 540 724 538 630 624 542 717 545 725 537 541 717 530 722 537 537 631 726 539 719 538 543 823 540 539 628 725 537 632 727 539 540 821 625 537 628 725 530 821 534 532 629 821 620 542 720 531

Tree=0
num_leaves=7
num_cat=0
split_feature=7 21 21 0 6 18
split_gain=17838.8 3196.57 2907.19 438.506 260.474 76.7513
threshold=12.075000000000001 7.5000000000000009 17.500000000000004 79.500000000000014 0.22500000000000001 0.50850000000000017
decision_type=2 2 2 2 2 2
left_child=1 3 4 -1 -2 -3
right_child=2 5 -4 -5 -6 -7
leaf_value=11.06330161247687 11.800406149484818 11.348765039149532 12.197207451200581 10.835420301348137 11.597227997227996 11.460413505311077
leaf_weight=147.7734375 143.3046875 122.7265625 236.5390625 197.03125 112.734375 123.5625
leaf_count=24 25 20 35 32 20 20
internal_value=11.5 11.1296 11.9445 10.9331 11.7109 11.4048
internal_weight=1083.67 591.094 492.578 344.805 256.039 246.289
internal_count=176 96 80 56 45 40
is_linear=0
shrinkage=1


Tree=1
num_leaves=6
num_cat=0
split_feature=1 21 21 0 1
split_gain=14531.8 2764.28 1967.07 357.962 357.012
threshold=10.430134813639972 17.500000000000004 7.5000000000000009 102.50000000000001 11.331879460745443
decision_type=2 2 2 2 2
left_child=2 4 3 -1 -2
right_child=1 -3 -4 -5 -6
leaf_value=-0.42198523352771977 0.020554544040349097 0.6195756390690319 -0.11413833261197943 -0.62787722501621157 0.24679741867174387
leaf_weight=197.03125 109.359375 239.9140625 197.03125 147.7734375 192.5625
leaf_count=32 19 36 32 24 33
internal_value=-3.36065e-09 0.366193 -0.366193 -0.510225 0.16485
internal_weight=1083.67 541.836 541.836 344.805 301.922
internal_count=176 88 88 56 52
is_linear=0
shrinkage=0.1


Tree=2
num_leaves=7
num_cat=0
split_feature=1 21 1 13 0 0
split_gain=11770.7 2270.68 1646.19 517.786 172.504 103.705
threshold=10.430134813639972 16.500000000000004 6.7471054718477417 1.0000000180025095e-35 102.50000000000001 4.0000000000000009
decision_type=2 2 2 2 2 2
left_child=2 5 4 -3 -1 -2
right_child=1 3 -4 -5 -6 -7
leaf_value=-0.41229178581671394 0.17721402776039463 0.65468309503936972 -0.13863389486967809 0.38705767464448304 -0.56508950564459848 0.048982476938457392
leaf_weight=147.7734375 121.3515625 144.6484375 246.2890625 144.5234375 147.7734375 131.3125
leaf_count=24 21 22 40 22 24 23
internal_value=-1.94846e-09 0.329574 -0.329574 0.520928 -0.488691 0.110571
internal_weight=1083.67 541.836 541.836 289.172 295.547 252.664
internal_count=176 88 88 44 48 44
is_linear=0
shrinkage=0.1


Tree=3
num_leaves=6
num_cat=0
split_feature=21 1 21 1 0
split_gain=9598.5 2771.43 858.648 547.898 77.0599
threshold=14.500000000000002 6.7471054718477417 17.500000000000004 11.249405233941319 102.50000000000001
decision_type=2 2 2 2 2
left_child=1 4 -2 -3 -1
right_child=2 3 -4 -5 -6
leaf_value=-0.40586075731436494 0.20594308567274006 -0.13391025568458265 0.51155558760342801 0.11585034307600006 -0.50858052652284902
leaf_weight=144.3984375 147.7734375 270.3359375 243.2890625 130.1015625 147.7734375
leaf_count=23 24 43 37 25 24
internal_value=1.2128e-09 -0.223631 0.396072 -0.0527634 -0.457814
internal_weight=1083.67 692.609 391.062 400.438 292.172
internal_count=176 115 61 68 47
is_linear=0
shrinkage=0.1


Tree=4
num_leaves=7
num_cat=0
split_feature=7 21 21 21 0 18
split_gain=7856.77 1464.11 1232.85 186.641 169.329 93.1495
threshold=12.075000000000001 7.5000000000000009 17.500000000000004 14.500000000000002 79.500000000000014 0.50850000000000017
decision_type=2 2 2 2 2 2
left_child=1 4 3 -2 -1 -3
right_child=2 5 -4 -5 -6 -7
leaf_value=-0.29789466206497406 0.058718885476156779 -0.121290220143695 0.4595565433037912 0.2294935644156274 -0.43950222587131682 0.0017083576127140583
leaf_weight=147.7734375 129.828125 122.7265625 236.5390625 126.2109375 197.03125 123.5625
leaf_count=24 26 20 35 19 32 20
internal_value=5.76151e-10 -0.2458 0.29496 0.1429 -0.378813 -0.0595822
internal_weight=1083.67 591.094 492.578 256.039 344.805 246.289
internal_count=176 96 80 45 56 40
is_linear=0
shrinkage=0.1


Tree=5
num_leaves=6
num_cat=0
split_feature=7 21 21 4 7
split_gain=6386.68 1442.14 752.716 147.963 137.425
threshold=13.425000000000002 7.5000000000000009 17.500000000000004 102.43619836519389 6.0750000000000011
decision_type=2 2 2 2 2
left_child=1 4 -2 -3 -1
right_child=2 3 -4 -5 -6
leaf_value=-0.38928276894119818 0.15240429572257749 0.029083195622663705 0.41360089328238092 -0.11247454211548283 -0.25850116224523312
leaf_weight=217.328125 206.78125 151.5234375 236.5390625 144.0234375 127.4765625
leaf_count=33 37 26 35 22 23
internal_value=6.87531e-11 -0.201994 0.291769 -0.0398995 -0.340932
internal_weight=1083.67 640.352 443.32 295.547 344.805
internal_count=176 104 72 48 56
is_linear=0
shrinkage=0.1


Tree=6
num_leaves=7
num_cat=0
split_feature=21 1 11 6 21 21
split_gain=5241.81 1567.49 457.023 325.395 129.178 59.2077
threshold=14.500000000000002 6.7471054718477417 -0.25002079935525096 0.22500000000000001 17.500000000000004 3.5000000000000004
decision_type=2 2 2 2 2 2
left_child=1 5 4 -3 -2 -1
right_child=2 3 -4 -5 -6 -7
leaf_value=-0.28830776292609778 0.14837789161632656 0.099442714191999459 0.45151958638883977 -0.096420359172039227 0.28744677345165814 -0.37956328223217495
leaf_weight=122.25 131.3203125 121.9765625 123.8125 278.4609375 135.9296875 169.921875
leaf_count=21 22 21 19 47 20 26
internal_value=-1.66933e-09 -0.165261 0.292693 -0.0367589 0.219112 -0.34138
internal_weight=1083.67 692.609 391.062 400.438 267.25 292.172
internal_count=176 115 61 68 42 47
is_linear=0
shrinkage=0.1


Tree=7
num_leaves=7
num_cat=0
split_feature=1 21 21 13 21 1
split_gain=4251.23 1151.8 465.984 281.828 167.847 160.108
threshold=8.6361617763679632 16.500000000000004 7.5000000000000009 1.0000000180025095e-35 3.5000000000000004 11.331879460745443
decision_type=2 2 2 2 2 2
left_child=2 5 4 -3 -1 -2
right_child=1 3 -4 -5 -6 -7
leaf_value=-0.21621808261337616 -0.013709412838550325 0.41127701559744106 -0.08001525668302463 0.21383280552775871 -0.36545623882571254 0.12335337813455545
leaf_weight=127.3125 205.625 144.6484375 131.3203125 144.5234375 184.6875 145.5546875
leaf_count=22 34 22 22 22 28 26
internal_value=1.77108e-09 0.1648 -0.238045 0.312598 -0.304559 0.0430995
internal_weight=1083.67 640.352 443.32 289.172 312 351.18
internal_count=176 104 72 44 50 60
is_linear=0
shrinkage=0.1


Tree=8
num_leaves=6
num_cat=0
split_feature=21 1 11 16 0
split_gain=3491.88 1056.01 362.806 215.606 54.8803
threshold=14.500000000000002 6.7471054718477417 -0.6955963616612969 0.68750000000000011 102.50000000000001
decision_type=2 2 2 2 2
left_child=1 4 -2 -3 -1
right_child=2 3 -4 -5 -6
leaf_value=-0.23559712440570391 0.14771576770869169 -0.093891530755429942 0.34064478392047903 0.054090860988029045 -0.32228296476036916
leaf_weight=144.3984375 206.25 225.953125 184.8125 174.484375 147.7734375
leaf_count=23 33 37 28 31 24
internal_value=-1.55795e-09 -0.134884 0.238892 -0.0294105 -0.279441
internal_weight=1083.67 692.609 391.062 400.438 292.172
internal_count=176 115 61 68 47
is_linear=0
shrinkage=0.1


Tree=9
num_leaves=6
num_cat=0
split_feature=21 1 11 14 0
split_gain=2855.98 1081.28 467.236 258.013 44.4531
threshold=16.500000000000004 6.7471054718477417 -0.6955963616612969 23.983737154150198 102.50000000000001
decision_type=2 2 2 2 2
left_child=1 4 -2 -3 -1
right_child=2 3 -4 -5 -6
leaf_value=-0.21203741275766924 0.15447566870874396 -0.058838248653831339 0.408946077909915 0.095039208102868131 -0.29005465236001315
leaf_weight=144.3984375 163.2265625 338.1875 129.3203125 160.765625 147.7734375
leaf_count=23 25 57 20 27 24
internal_value=2.97013e-10 -0.0987196 0.266964 -0.00925803 -0.251497
internal_weight=1083.67 791.125 292.547 498.953 292.172
internal_count=176 131 45 84 47
is_linear=0
shrinkage=0.1


Tree=10
num_leaves=6
num_cat=0
split_feature=21 21 11 11 8
split_gain=2327.62 851.829 378.461 235.507 120.5
threshold=8.5000000000000018 16.500000000000004 -0.6955963616612969 -1.671358976723796 16.000000000000004
decision_type=2 2 2 2 2
left_child=4 3 -3 -2 -1
right_child=1 2 -4 -5 -6
leaf_value=-0.23410699657748643 -0.086929195958793282 0.13902810374768304 0.36805145451721955 0.073357113324158785 -0.11786666287106802
leaf_weight=257.6796875 143.6015625 163.2265625 129.3203125 253.4609375 136.3828125
leaf_count=41 23 25 20 44 23
internal_value=-1.63632e-09 0.110787 0.240268 0.015388 -0.193877
internal_weight=1083.67 689.609 292.547 397.062 394.062
internal_count=176 112 45 67 64
is_linear=0
shrinkage=0.1


Tree=11
num_leaves=7
num_cat=0
split_feature=7 21 21 4 11 21
split_gain=1897.61 515.376 404.888 140.616 111.329 110.475
threshold=14.250000000000002 7.5000000000000009 16.500000000000004 98.177696459014726 -0.60136428142847842 3.5000000000000004
decision_type=2 2 2 2 2 2
left_child=1 5 -2 -3 -4 -1
right_child=2 3 4 -5 -6 -7
leaf_value=-0.12111996365576677 0.032484760189259117 0.072411433875955902 0.18431734764170662 -0.061006002184435096 0.31484426220728873 -0.23550052258629917
leaf_weight=147.7734375 132.3125 122.5625 135.8046875 222.2421875 125.9453125 197.03125
leaf_count=24 24 19 21 37 19 32
internal_value=1.74461e-09 -0.100031 0.175055 -0.0135821 0.247123 -0.18648
internal_weight=1083.67 689.609 394.062 344.805 261.75 344.805
internal_count=176 112 64 56 40 56
is_linear=0
shrinkage=0.1


Tree=12
num_leaves=6
num_cat=0
split_feature=21 21 11 13 0
split_gain=1544.94 543.409 265.694 197.228 110.53
threshold=8.5000000000000018 16.500000000000004 -0.6955963616612969 1.8125000000000002 102.50000000000001
decision_type=2 2 2 2 2
left_child=4 3 -3 -2 -1
right_child=1 2 -4 -5 -6
leaf_value=-0.11692875091770545 0.072626460602095932 0.1088494333296334 0.30074277546069766 -0.070754094952832733 -0.22632502709877042
leaf_weight=246.2890625 234.8828125 163.2265625 129.3203125 162.1796875 147.7734375
leaf_count=40 40 25 20 27 24
internal_value=-7.6866e-10 0.0902585 0.193676 0.0140628 -0.157952
internal_weight=1083.67 689.609 292.547 397.062 394.062
internal_count=176 112 45 67 64
is_linear=0
shrinkage=0.1


Tree=13
num_leaves=7
num_cat=0
split_feature=7 21 21 13 8 11
split_gain=1263.87 336.785 275.323 112.63 103.487 63.1224
threshold=14.250000000000002 8.5000000000000018 16.500000000000004 1.8125000000000002 12.000000000000002 -0.60136428142847842
decision_type=2 2 2 2 2 2
left_child=1 4 -2 -3 -1 -4
right_child=2 3 5 -5 -6 -7
leaf_value=-0.20441257797179047 0.025297400812861717 0.055621269480201879 0.15500066863964515 -0.068316023092217432 -0.099973645995135613 0.25328555547542558
leaf_weight=159.1640625 132.3125 160.6640625 135.8046875 134.8828125 234.8984375 125.9453125
leaf_count=25 24 26 21 22 39 19
internal_value=3.3139e-10 -0.0816362 0.142863 -0.000941706 -0.142157 0.202292
internal_weight=1083.67 689.609 394.062 295.547 394.062 261.75
internal_count=176 112 64 48 64 40
is_linear=0
shrinkage=0.1


Tree=14
num_leaves=7
num_cat=0
split_feature=7 21 21 21 4 11
split_gain=1023.73 284.841 223.012 99.158 81.932 51.1291
threshold=14.250000000000002 7.5000000000000009 16.500000000000004 3.5000000000000004 98.177696459014726 -0.60136428142847842
decision_type=2 2 2 2 2 2
left_child=1 3 -2 -1 -3 -4
right_child=2 4 5 -5 -6 -7
leaf_value=-0.075819032100845896 0.022767659747268326 0.056436998366336935 0.13950060088718294 -0.18418295451897085 -0.045403707109151516 0.22795699643523792
leaf_weight=147.7734375 132.3125 122.5625 135.8046875 197.03125 222.2421875 125.9453125
leaf_count=24 24 19 21 32 37 19
internal_value=2.83435e-10 -0.0734726 0.128577 -0.137741 -0.00920393 0.182063
internal_weight=1083.67 689.609 394.062 344.805 344.805 261.75
internal_count=176 112 64 56 56 40
is_linear=0
shrinkage=0.1


Tree=15
num_leaves=5
num_cat=0
split_feature=21 21 11 0
split_gain=829.46 280.229 209.567 96.7897
threshold=8.5000000000000018 17.500000000000004 -0.60136428142847842 102.50000000000001
decision_type=2 2 2 2
left_child=3 2 -2 -1
right_child=1 -3 -4 -5
leaf_value=-0.077346718796466096 -0.029761259579980701 0.1524757126937126 0.11522594241948246 -0.17971761208881376
leaf_weight=246.2890625 296 243.2890625 150.3203125 147.7734375
leaf_count=40 51 37 24 24
internal_value=-1.34069e-10 0.0661347 0.0190703 -0.115736
internal_weight=1083.67 689.609 446.32 394.062
internal_count=176 112 75 64
is_linear=0
shrinkage=0.1


Tree=16
num_leaves=5
num_cat=0
split_feature=21 11 4 11
split_gain=672.457 359.512 142.589 101.866
threshold=14.500000000000002 -0.60136428142847842 98.365088474833996 -0.6955963616612969
decision_type=2 2 2 2
left_child=1 2 -1 -2
right_child=3 -3 -4 -5
leaf_value=-0.19183725091018858 0.0565218857273911 0.060722975338702814 -0.071123028790392062 0.158751321072751
leaf_weight=132.1875 206.25 183.703125 376.71875 184.8125
leaf_count=24 33 32 59 28
internal_value=2.47236e-09 -0.0591919 -0.102478 0.104835
internal_weight=1083.67 692.609 508.906 391.062
internal_count=176 115 83 61
is_linear=0
shrinkage=0.1


Tree=17
num_leaves=5
num_cat=0
split_feature=21 21 11 0
split_gain=582.56 192.163 139.045 67.9698
threshold=8.5000000000000018 17.500000000000004 -0.68544461929566713 102.50000000000001
decision_type=2 2 2 2
left_child=3 2 -2 -1
right_child=1 -3 -4 -5
leaf_value=-0.064823041608842197 -0.032984297932748888 0.12692292640558395 0.079470228368502913 -0.15060974258233278
leaf_weight=246.2890625 250.1171875 243.2890625 196.203125 147.7734375
leaf_count=40 44 37 31 24
internal_value=1.44519e-09 0.0554246 0.0164509 -0.0969931
internal_weight=1083.67 689.609 446.32 394.062
internal_count=176 112 75 64
is_linear=0
shrinkage=0.1


Tree=18
num_leaves=6
num_cat=0
split_feature=21 21 11 21 8
split_gain=471.874 155.652 115.464 71.561 270.971
threshold=8.5000000000000018 17.500000000000004 -0.60136428142847842 3.5000000000000004 14.000000000000002
decision_type=2 2 2 2 2
left_child=3 2 -2 -1 -5
right_child=1 -3 -4 4 -6
leaf_value=-0.032278899622127363 -0.021440456455221048 0.11423062792189079 0.086179349070669417 -0.22219877731668514 -0.012328487063768906
leaf_weight=147.7734375 296 243.2890625 150.3203125 126.7109375 119.578125
leaf_count=24 51 37 24 19 21
internal_value=-2.54662e-09 0.0498821 0.0148058 -0.0872938 -0.120303
internal_weight=1083.67 689.609 446.32 394.062 246.289
internal_count=176 112 75 64 40
is_linear=0
shrinkage=0.1


Tree=19
num_leaves=5
num_cat=0
split_feature=21 11 21 21
split_gain=384.957 189.842 125.058 87.5851
threshold=7.5000000000000009 -0.18712445596491292 16.500000000000004 3.5000000000000004
decision_type=2 2 2 2
left_child=3 2 -2 -1
right_child=1 -3 -4 -5
leaf_value=-0.029050998672618455 -0.01253871109127355 0.15438202104660884 0.08431557027446672 -0.13089510815565214
leaf_weight=147.7734375 421.2734375 122.5625 195.03125 197.03125
leaf_count=24 71 19 30 32
internal_value=-1.03267e-09 0.0407156 0.0181111 -0.0872476
internal_weight=1083.67 738.867 616.305 344.805
internal_count=176 120 101 56
is_linear=0
shrinkage=0.1


Tree=20
num_leaves=6
num_cat=0
split_feature=21 11 21 0 21
split_gain=314.888 125.341 103.878 63.4843 61.3803
threshold=8.5000000000000018 -0.6955963616612969 16.500000000000004 102.50000000000001 17.500000000000004
decision_type=2 2 2 2 2
left_child=3 4 -3 -1 -2
right_child=1 2 -4 -5 -6
leaf_value=-0.04021920309286095 -0.026903149936514076 0.038831270245931297 0.15644096218264225 -0.12312689171876033 0.057355002752139839
leaf_weight=246.2890625 248.6171875 179.1171875 129.3203125 147.7734375 132.5546875
leaf_count=40 43 30 20 24 19
internal_value=-2.61812e-09 0.0407483 0.0881421 -0.0713096 0.0023981
internal_weight=1083.67 689.609 308.438 394.062 381.172
internal_count=176 112 50 64 62
is_linear=0
shrinkage=0.1


Tree=21
num_leaves=5
num_cat=0
split_feature=21 13 21 7
split_gain=255.059 107.352 66.6735 55.4143
threshold=8.5000000000000018 -2.1874999999999996 18.500000000000004 5.2250000000000005
decision_type=2 2 2 2
left_child=3 -2 -3 -1
right_child=1 2 -4 -5
leaf_value=-0.11259057698664512 0.1087013682308917 -0.0066606048014785733 0.072926673850047738 -0.035131447074339565
leaf_weight=147.7734375 159.1640625 385.671875 144.7734375 246.2890625
leaf_count=24 25 66 21 40
internal_value=8.55976e-10 0.0366735 0.015061 -0.0641786
internal_weight=1083.67 689.609 530.445 394.062
internal_count=176 112 87 64
is_linear=0
shrinkage=0.1


Tree=22
num_leaves=5
num_cat=0
split_feature=21 11 21 21
split_gain=207.885 118.876 138.464 80.1147
threshold=7.5000000000000009 -0.41877180707702694 15.500000000000002 3.5000000000000004
decision_type=2 2 2 2
left_child=3 2 -2 -1
right_child=1 -3 -4 -5
leaf_value=-0.0084554856068678966 -0.042407272747865238 0.091305944528484673 0.061695587624889969 -0.10585952701311468
leaf_weight=147.7734375 288.40625 221.078125 229.3828125 197.03125
leaf_count=24 50 35 35 32
internal_value=7.51471e-10 0.0299203 0.00371075 -0.0641149
internal_weight=1083.67 738.867 517.789 344.805
internal_count=176 120 85 56
is_linear=0
shrinkage=0.1


Tree=23
num_leaves=5
num_cat=0
split_feature=21 11 21 21
split_gain=168.387 100.731 72.3024 64.8929
threshold=7.5000000000000009 -0.18712445596491292 14.500000000000002 3.5000000000000004
decision_type=2 2 2 2
left_child=3 2 -2 -1
right_child=1 -3 -4 -5
leaf_value=-0.0076099345938036942 -0.022202132027690467 0.10972591494169698 0.046377767048934392 -0.09527357844111467
leaf_weight=147.7734375 322.7578125 122.5625 293.546875 197.03125
leaf_count=24 55 19 46 32
internal_value=9.45248e-10 0.0269283 0.0104626 -0.0577034
internal_weight=1083.67 738.867 616.305 344.805
internal_count=176 120 101 56
is_linear=0
shrinkage=0.1


Tree=24
num_leaves=5
num_cat=0
split_feature=0 11 21 21
split_gain=156.227 72.1589 83.8116 55.8182
threshold=102.50000000000001 -0.60136428142847842 14.500000000000002 12.500000000000002
decision_type=2 2 2 2
left_child=1 2 -1 -3
right_child=-2 3 -4 -5
leaf_value=-0.036168234502772761 -0.095553355366976345 0.10120281261459835 0.041067761006006183 0.018910032575304766
leaf_weight=361.1328125 147.7734375 136.3125 229.9609375 208.4921875
leaf_count=59 24 27 37 29
internal_value=-7.03688e-10 0.0150874 -0.0061201 0.051443
internal_weight=1083.67 935.898 591.094 344.805
internal_count=176 152 96 56
is_linear=0
shrinkage=0.1


Tree=25
num_leaves=4
num_cat=0
split_feature=0 21 11
split_gain=126.544 64.1624 50.0634
threshold=102.50000000000001 18.500000000000004 -0.60136428142847842
decision_type=2 2 2
left_child=1 2 -1
right_child=-2 -3 -4
leaf_value=-0.017946244583326904 -0.085998017898224796 0.064776640687900428 0.037400955338987373
leaf_weight=498.796875 147.7734375 194.03125 243.0703125
leaf_count=82 24 29 41
internal_value=9.47117e-10 0.0135786 0.000188081
internal_weight=1083.67 935.898 741.867
internal_count=176 152 123
is_linear=0
shrinkage=0.1


Tree=26
num_leaves=7
num_cat=0
split_feature=21 13 21 8 6 21
split_gain=105.203 84.3614 49.5269 197.638 21.5591 16.7612
threshold=8.5000000000000018 -1.8124999999999998 3.5000000000000004 14.000000000000002 0.22500000000000001 14.500000000000002
decision_type=2 2 2 2 2 2
left_child=2 5 -1 -4 -3 -2
right_child=1 4 3 -5 -6 -7
leaf_value=0.0045502675414684111 0.043679801627727402 0.011531626565917094 -0.15570104337810214 0.023534739140543333 -0.036715928627862611 0.09454991502836288
leaf_weight=147.7734375 132.078125 295.546875 126.7109375 119.578125 134.8828125 127.1015625
leaf_count=24 20 48 19 21 22 22
internal_value=1.76094e-10 0.023553 -0.0412178 -0.0686786 -0.0035876 0.0686265
internal_weight=1083.67 689.609 394.062 246.289 430.43 259.18
internal_count=176 112 64 40 70 42
is_linear=0
shrinkage=0.1


Tree=27
num_leaves=4
num_cat=0
split_feature=7 21 21
split_gain=101.516 44.6971 103.045
threshold=5.2250000000000005 18.500000000000004 4.5000000000000009
decision_type=2 2 2
left_child=-1 2 -2
right_child=1 -3 -4
leaf_value=-0.077025593014706267 0.088514002128214739 0.054893869931983155 -0.014883473070579701
leaf_weight=147.7734375 113.859375 194.03125 628.0078125
leaf_count=24 20 29 103
internal_value=1.05252e-09 0.0121619 0.000985637
internal_weight=1083.67 935.898 741.867
internal_count=176 152 123
is_linear=0
shrinkage=0.1


Tree=28
num_leaves=5
num_cat=0
split_feature=0 21 14 0
split_gain=90.4079 36.7617 114.176 92.2603
threshold=102.50000000000001 16.500000000000004 24.958633190883194 4.0000000000000009
decision_type=2 2 2 2
left_child=1 3 -3 -1
right_child=-2 2 -4 -5
leaf_value=0.076653504584996465 -0.072689277533970587 0.09728300456543916 -0.028312560800423093 -0.020146121721272267
leaf_weight=121.3515625 147.7734375 161.140625 131.40625 522
leaf_count=21 24 25 20 86
internal_value=-6.29091e-10 0.0114773 0.040868 -0.00188739
internal_weight=1083.67 935.898 292.547 643.352
internal_count=176 152 45 107
is_linear=0
shrinkage=0.1


Tree=29
num_leaves=5
num_cat=0
split_feature=0 11 21 21
split_gain=73.2304 33.1351 51.6606 37.2839
threshold=102.50000000000001 -0.60136428142847842 12.500000000000002 14.500000000000002
decision_type=2 2 2 2
left_child=1 3 -3 -1
right_child=-2 2 -4 -5
leaf_value=-0.02408281183939099 -0.06542034893353528 0.082836314572592717 0.0036676220821138042 0.027431558306399036
leaf_weight=361.1328125 147.7734375 136.3125 208.4921875 229.9609375
leaf_count=59 24 27 29 37
internal_value=-8.0338e-10 0.0103295 0.0349656 -0.0040415
internal_weight=1083.67 935.898 344.805 591.094
internal_count=176 152 56 96
is_linear=0
shrinkage=0.1


Tree=30
num_leaves=5
num_cat=0
split_feature=21 21 4 21
split_gain=62.6729 61.174 56.0541 34.1437
threshold=7.5000000000000009 3.5000000000000004 38.984760533824222 11.750000000000002
decision_type=2 2 2 2
left_child=1 -1 -2 -4
right_child=2 -3 3 -5
leaf_value=0.01343328578302604 0.078192932419725858 -0.071681357412691354 0.041599810888851146 -0.010646075983843269
leaf_weight=147.7734375 122.5625 197.03125 174.484375 441.8203125
leaf_count=24 19 32 31 70
internal_value=9.49577e-10 -0.0352037 0.0164284 0.00414546
internal_weight=1083.67 344.805 738.867 616.305
internal_count=176 56 120 101
is_linear=0
shrinkage=0.1


Tree=31
num_leaves=5
num_cat=0
split_feature=11 21 9 13
split_gain=58.828 69.7209 86.6418 31.1591
threshold=-1.0217287220820743 5.5000000000000009 1.0000000180025095e-35 1.8125000000000002
decision_type=2 2 2 2
left_child=3 -2 -3 -1
right_child=1 2 -4 -5
leaf_value=-0.0027024527337227806 -0.044121360356258785 0.10143339537476281 0.010419067027435256 -0.058941754164154994
leaf_weight=197.03125 144.5859375 141.1484375 403.875 197.03125
leaf_count=32 23 21 68 32
internal_value=2.37336e-09 0.0176126 0.0339897 -0.0308221
internal_weight=1083.67 689.609 545.023 394.062
internal_count=176 112 89 64
is_linear=0
shrinkage=0.1


Tree=32
num_leaves=4
num_cat=0
split_feature=0 21 21
split_gain=48.5736 27.1918 37.346
threshold=102.50000000000001 18.500000000000004 11.750000000000002
decision_type=2 2 2
left_child=1 2 -1
right_child=-2 -3 -4
leaf_value=0.020603666339505288 -0.053280387281457675 0.041742432315216335 -0.024381493809567015
leaf_weight=397.0625 147.7734375 194.03125 344.8046875
leaf_count=67 24 29 56
internal_value=2.32901e-10 0.00841269 -0.000304516
internal_weight=1083.67 935.898 741.867
internal_count=176 152 123
is_linear=0
shrinkage=0.1


Tree=33
num_leaves=5
num_cat=0
split_feature=21 10 21 11
split_gain=43.6118 65.1308 64.2819 37.2572
threshold=14.500000000000002 0.52623809523809584 7.5000000000000009 -0.6955963616612969
decision_type=2 2 2 2
left_child=1 2 -1 -2
right_child=3 -3 -4 -5
leaf_value=-0.030160630398222567 -0.0025202929467865918 -0.079960313309377612 0.037804004454258196 0.059304926417185967
leaf_weight=319.7578125 206.25 126.453125 246.3984375 184.8125
leaf_count=52 33 25 38 28
internal_value=2.10642e-10 -0.0150741 -0.000581552 0.0266977
internal_weight=1083.67 692.609 566.156 391.062
internal_count=176 115 90 61
is_linear=0
shrinkage=0.1


Tree=34
num_leaves=5
num_cat=0
split_feature=11 21 9 13
split_gain=42.4925 48.1397 74.2763 24.3762
threshold=-1.0217287220820743 5.5000000000000009 1.0000000180025095e-35 1.8125000000000002
decision_type=2 2 2 2
left_child=3 -2 -3 -1
right_child=1 2 -4 -5
leaf_value=-0.001324098369226297 -0.036328488846307523 0.091022964116909022 0.0067533211271226384 -0.051066873555709026
leaf_weight=197.03125 144.5859375 141.1484375 403.875 197.03125
leaf_count=32 23 21 68 32
internal_value=-5.28711e-10 0.0149688 0.0285772 -0.0261955
internal_weight=1083.67 689.609 545.023 394.062
internal_count=176 112 89 64
is_linear=0
shrinkage=0.1


Tree=35
num_leaves=5
num_cat=0
split_feature=7 21 21 14
split_gain=34.6652 19.3452 141.886 90.1549
threshold=5.2250000000000005 16.500000000000004 4.5000000000000009 24.958633190883194
decision_type=2 2 2 2
left_child=-1 2 -2 -3
right_child=1 3 -4 -5
leaf_value=-0.045010515959717251 0.098684520676938614 0.07855800634950276 -0.024365166636332952 -0.033046514106278756
leaf_weight=147.7734375 113.859375 161.140625 529.4921875 131.40625
leaf_count=24 20 25 87 20
internal_value=1.42663e-09 0.00710693 -0.00258802 0.0284275
internal_weight=1083.67 935.898 643.352 292.547
internal_count=176 152 107 45
is_linear=0
shrinkage=0.1


Tree=36
num_leaves=6
num_cat=0
split_feature=11 21 9 1 21
split_gain=34.6944 50.7576 54.1322 21.5568 32.3302
threshold=-0.90142809761409237 5.5000000000000009 0.12506331633919557 8.4498810467882652 13.500000000000002
decision_type=2 2 2 2 2
left_child=3 -2 -3 -1 -5
right_child=1 2 -4 4 -6
leaf_value=-0.045221917820203697 -0.035162118371806952 0.084222157050189927 0.0093365235478242541 0.038128634478197976 -0.029431362327239481
leaf_weight=197.03125 144.5859375 141.1484375 305.359375 117.7265625 177.8203125
leaf_count=32 23 21 52 19 29
internal_value=9.63919e-10 0.0163339 0.0330091 -0.0196007 -0.00251987
internal_weight=1083.67 591.094 446.508 492.578 295.547
internal_count=176 96 73 80 48
is_linear=0
shrinkage=0.1


Tree=37
num_leaves=5
num_cat=0
split_feature=21 21 4 11
split_gain=31.0361 66.7274 118.734 26.8795
threshold=14.500000000000002 11.750000000000002 98.365088474833996 -0.6955963616612969
decision_type=2 2 2 2
left_child=1 2 -1 -2
right_child=3 -3 -4 -5
leaf_value=-0.056517394028602896 -0.0022954707868171461 -0.072315881433166779 0.039790185445566735 0.050218033072994418
leaf_weight=205.59375 206.25 147.7734375 339.2421875 184.8125
leaf_count=36 33 24 55 28
internal_value=-3.91893e-10 -0.0127164 0.00344854 0.0225219
internal_weight=1083.67 692.609 544.836 391.062
internal_count=176 115 91 61
is_linear=0
shrinkage=0.1


Tree=38
num_leaves=5
num_cat=0
split_feature=11 21 9 13
split_gain=28.6689 34.9236 58.8205 18.3974
threshold=-1.0217287220820743 5.5000000000000009 1.0000000180025095e-35 1.8125000000000002
decision_type=2 2 2 2
left_child=3 -2 -3 -1
right_child=1 2 -4 -5
leaf_value=9.0371116015005456e-05 -0.031396801555318384 0.079456275757937261 0.0044650790419087103 -0.043123781654590854
leaf_weight=197.03125 144.5859375 141.1484375 403.875 197.03125
leaf_count=32 23 21 68 32
internal_value=2.89107e-10 0.0122953 0.0238861 -0.0215167
internal_weight=1083.67 689.609 545.023 394.062
internal_count=176 112 89 64
is_linear=0
shrinkage=0.1


Tree=39
num_leaves=5
num_cat=0
split_feature=21 10 21 11
split_gain=24.1455 57.0295 40.3669 21.4612
threshold=14.500000000000002 0.52623809523809584 7.5000000000000009 -0.6955963616612969
decision_type=2 2 2 2
left_child=1 2 -1 -2
right_child=3 -3 -4 -5
leaf_value=-0.021094665111659278 -0.0023103648099032314 -0.07193307861267792 0.032763450460725152 0.044612775511704554
leaf_weight=319.7578125 206.25 126.453125 246.3984375 184.8125
leaf_count=52 33 25 38 28
internal_value=2.10385e-09 -0.0112163 0.00234508 0.0198651
internal_weight=1083.67 692.609 566.156 391.062
internal_count=176 115 90 61
is_linear=0
shrinkage=0.1


Tree=40
num_leaves=6
num_cat=0
split_feature=11 21 10 1 21
split_gain=24.0076 35.9522 39.6163 15.137 23.9545
threshold=-0.90142809761409237 16.500000000000004 0.52623809523809584 8.4498810467882652 13.500000000000002
decision_type=2 2 2 2 2
left_child=3 2 -2 -1 -5
right_child=1 -3 -4 4 -6
leaf_value=-0.037774607471584044 0.022819899000127011 0.051070917246170439 -0.040360804003488585 0.032997534183130325 -0.025156349241458587
leaf_weight=197.03125 246.2890625 178.578125 166.2265625 117.7265625 177.8203125
leaf_count=32 40 28 28 19 29
internal_value=6.6828e-10 0.0135874 -0.00263928 -0.0163048 -0.00199164
internal_weight=1083.67 591.094 412.516 492.578 295.547
internal_count=176 96 68 80 48
is_linear=0
shrinkage=0.1


Tree=41
num_leaves=4
num_cat=0
split_feature=21 13 21
split_gain=22.469 92.1833 206.773
threshold=3.5000000000000004 -2.1874999999999996 7.5000000000000009
decision_type=2 2 2
left_child=-1 -2 -3
right_child=1 2 -4
leaf_value=0.036237609201784711 0.056971541922977875 -0.11703456522513903 0.0074685881472815081
leaf_weight=147.7734375 187.5390625 173.71875 574.640625
leaf_count=24 32 26 94
internal_value=1.31318e-09 -0.00572173 -0.0214327
internal_weight=1083.67 935.898 748.359
internal_count=176 152 120
is_linear=0
shrinkage=0.1


Tree=42
num_leaves=6
num_cat=0
split_feature=11 21 9 18 21
split_gain=18.5351 27.5115 45.5424 14.1667 81.1997
threshold=-0.90142809761409237 5.5000000000000009 0.12506331633919557 1.6245000000000001 11.750000000000002
decision_type=2 2 2 2 2
left_child=3 -2 -3 4 -1
right_child=1 2 -4 -5 -6
leaf_value=0.035466057422873891 -0.025973601353357217 0.071189702420860979 0.0025020210243861044 -0.040231562187644565 -0.064090810249100877
leaf_weight=210.8046875 144.5859375 141.1484375 305.359375 147.7734375 134
leaf_count=33 23 21 52 24 23
internal_value=-2.99764e-10 0.0119387 0.0242153 -0.0143265 -0.00322431
internal_weight=1083.67 591.094 446.508 492.578 344.805
internal_count=176 96 73 80 56
is_linear=0
shrinkage=0.1


Tree=43
num_leaves=4
num_cat=0
split_feature=21 13 21
split_gain=19.9461 71.1831 174.954
threshold=3.5000000000000004 -2.1874999999999996 7.5000000000000009
decision_type=2 2 2
left_child=-1 -2 -3
right_child=1 2 -4
leaf_value=0.034142540919853213 0.049700422773657188 -0.10713597222355807 0.007387912610837633
leaf_weight=147.7734375 187.5390625 173.71875 574.640625
leaf_count=24 32 26 94
internal_value=-1.03817e-09 -0.00539093 -0.0191968
internal_weight=1083.67 935.898 748.359
internal_count=176 152 120
is_linear=0
shrinkage=0.1


Tree=44
num_leaves=5
num_cat=0
split_feature=0 21 4 21
split_gain=17.8373 31.0602 79.4837 51.2899
threshold=102.50000000000001 9.5000000000000018 98.365088474833996 14.500000000000002
decision_type=2 2 2 2
left_child=1 2 -1 -3
right_child=-2 3 -4 -5
leaf_value=-0.024109911488429607 -0.032287307727157266 -0.042725212775968656 0.079918006241997408 0.015317852550065804
leaf_weight=136.3828125 147.7734375 249.2890625 159.1640625 391.0625
leaf_count=23 24 43 25 61
internal_value=2.47511e-11 0.005098 0.0319134 -0.00727833
internal_weight=1083.67 935.898 295.547 640.352
internal_count=176 152 48 104
is_linear=0
shrinkage=0.1


Tree=45
num_leaves=4
num_cat=0
split_feature=21 13 21
split_gain=18.4156 59.5527 148.859
threshold=3.5000000000000004 -2.1874999999999996 7.5000000000000009
decision_type=2 2 2
left_child=-1 -2 -3
right_child=1 2 -4
leaf_value=0.032806535237307526 0.04521016332860342 -0.098923889409940347 0.0067143292567999448
leaf_weight=147.7734375 187.5390625 173.71875 574.640625
leaf_count=24 32 26 94
internal_value=-1.77383e-09 -0.00517998 -0.0178078
internal_weight=1083.67 935.898 748.359
internal_count=176 152 120
is_linear=0
shrinkage=0.1


Tree=46
num_leaves=5
num_cat=0
split_feature=11 21 7 18
split_gain=16.3091 15.0382 53.7519 14.7816
threshold=-1.671358976723796 5.5000000000000009 11.175000000000002 0.9900000000000001
decision_type=2 2 2 2
left_child=3 -2 -3 -1
right_child=1 2 -4 -5
leaf_value=-2.7175951722498268e-05 -0.020542793605781977 0.071020514193593176 -0.00084942865670684434 -0.041866222021600542
leaf_weight=197.03125 144.5859375 134.5078125 459.7734375 147.7734375
leaf_count=32 23 23 74 24
internal_value=1.34756e-10 0.00838049 0.0154174 -0.0179582
internal_weight=1083.67 738.867 594.281 344.805
internal_count=176 120 97 56
is_linear=0
shrinkage=0.1


Tree=47
num_leaves=4
num_cat=0
split_feature=21 8 21
split_gain=17.134 53.9678 109.936
threshold=3.5000000000000004 14.000000000000002 8.5000000000000018
decision_type=2 2 2
left_child=-1 2 -2
right_child=1 -3 -4
leaf_value=0.031644406178751985 -0.10018347016876727 0.054535215118852391 0.0012912178118646472
leaf_weight=147.7734375 126.7109375 130.96875 678.21875
leaf_count=24 19 22 111
internal_value=-1.53457e-09 -0.00499649 -0.0146828
internal_weight=1083.67 935.898 804.93
internal_count=176 152 130
is_linear=0
shrinkage=0.1


Tree=48
num_leaves=5
num_cat=0
split_feature=0 21 4 4
split_gain=14.413 33.7708 71.826 47.8616
threshold=102.50000000000001 9.5000000000000018 98.365088474833996 98.365088474833996
decision_type=2 2 2 2
left_child=1 2 -1 -3
right_child=-2 3 -4 -5
leaf_value=-0.020712615220333803 -0.029023144424765192 0.020171389893392178 0.078177202502131629 -0.034553618942487062
leaf_weight=136.3828125 147.7734375 306.9375 159.1640625 333.4140625
leaf_count=23 24 49 25 55
internal_value=1.18255e-10 0.0045826 0.0325436 -0.00832247
internal_weight=1083.67 935.898 295.547 640.352
internal_count=176 152 48 104
is_linear=0
shrinkage=0.1


Tree=49
num_leaves=4
num_cat=0
split_feature=21 14 21
split_gain=15.6823 53.5466 151.039
threshold=3.5000000000000004 23.252123076923088 7.5000000000000009
decision_type=2 2 2
left_child=-1 -2 -3
right_child=1 2 -4
leaf_value=0.030274177085398497 0.046534491555369539 -0.10937867973807613 0.0050923893723795128
leaf_weight=147.7734375 167.0546875 141.1953125 627.6484375
leaf_count=24 29 19 104
internal_value=-2.2826e-09 -0.00478014 -0.0159298
internal_weight=1083.67 935.898 768.844
internal_count=176 152 123
is_linear=0
shrinkage=0.1


Tree=50
num_leaves=4
num_cat=0
split_feature=0 21 11
split_gain=14.977 36.31 37.0961
threshold=102.50000000000001 6.5000000000000009 -5.1608163326875358
decision_type=2 2 2
left_child=1 -1 -3
right_child=-2 2 -4
leaf_value=0.049977640902076473 -0.029585549669419526 -0.05098323799339384 0.0061160325610934499
leaf_weight=148.7734375 147.7734375 137.9609375 649.1640625
leaf_count=25 24 20 107
internal_value=2.70887e-10 0.0046714 -0.00389187
internal_weight=1083.67 935.898 787.125
internal_count=176 152 127
is_linear=0
shrinkage=0.1


Tree=51
num_leaves=4
num_cat=0
split_feature=21 20 21
split_gain=13.4776 52.2968 102.561
threshold=3.5000000000000004 -0.045999999999999992 6.5000000000000009
decision_type=2 2 2
left_child=-1 -2 -3
right_child=1 2 -4
leaf_value=0.028065543561709046 0.034195061573769392 -0.099080583200787345 -0.00011231764572585904
leaf_weight=147.7734375 255.0078125 129.2421875 551.6484375
leaf_count=24 41 19 92
internal_value=-1.35444e-09 -0.0044314 -0.0188978
internal_weight=1083.67 935.898 680.891
internal_count=176 152 111
is_linear=0
shrinkage=0.1


Tree=52
num_leaves=5
num_cat=0
split_feature=21 14 0 2
split_gain=14.5022 127.806 44.8697 63.7482
threshold=9.5000000000000018 23.252123076923088 15.000000000000002 14.562500000000002
decision_type=2 2 2 2
left_child=1 -1 3 -2
right_child=2 -3 -4 -5
leaf_value=-0.044322365030060068 -0.085623979961167454 0.063416160095634791 0.034854489740342436 -0.0030018499211680516
leaf_weight=203.734375 128.0703125 239.5859375 167.4765625 344.8046875
leaf_count=36 20 36 28 56
internal_value=-7.70035e-10 0.0139033 -0.00962539 -0.0253787
internal_weight=1083.67 443.32 640.352 472.875
internal_count=176 72 104 76
is_linear=0
shrinkage=0.1


Tree=53
num_leaves=4
num_cat=0
split_feature=21 14 21
split_gain=13.6897 49.1767 129.517
threshold=3.5000000000000004 23.252123076923088 7.5000000000000009
decision_type=2 2 2
left_child=-1 -2 -3
right_child=1 2 -4
leaf_value=0.028285474220092355 0.044710073242273135 -0.10168631528374078 0.0043157322462353013
leaf_weight=147.7734375 167.0546875 141.1953125 627.6484375
leaf_count=24 29 19 104
internal_value=5.61025e-10 -0.00446613 -0.0151512
internal_weight=1083.67 935.898 768.844
internal_count=176 152 123
is_linear=0
shrinkage=0.1


Tree=54
num_leaves=6
num_cat=0
split_feature=21 14 21 13 0
split_gain=14.6478 123.766 39.3722 47.837 17.3169
threshold=9.5000000000000018 23.252123076923088 14.500000000000002 -1.8124999999999998 4.0000000000000009
decision_type=2 2 2 2 2
left_child=1 -1 3 -2 -4
right_child=2 -3 4 -5 -6
leaf_value=-0.043325262817925807 -0.08879025601550361 0.062697095519878218 -0.0057150850698048268 -0.00080230006376035912 0.038081238761446277
leaf_weight=203.734375 113.125 239.5859375 249.6328125 136.1640625 141.4296875
leaf_count=36 16 36 38 27 23
internal_value=-1.32006e-10 0.013973 -0.00967359 -0.0407304 0.0101241
internal_weight=1083.67 443.32 640.352 249.289 391.062
internal_count=176 72 104 43 61
is_linear=0
shrinkage=0.1


Tree=55
num_leaves=4
num_cat=0
split_feature=21 8 21
split_gain=13.8066 50.7746 79.0981
threshold=3.5000000000000004 14.000000000000002 8.5000000000000018
decision_type=2 2 2
left_child=-1 2 -2
right_child=1 -3 -4
leaf_value=0.028406082625241625 -0.086404561899440263 0.053258472534558336 -0.00033095291736010273
leaf_weight=147.7734375 126.7109375 130.96875 678.21875
leaf_count=24 19 22 111
internal_value=-1.35306e-09 -0.00448517 -0.0138805
internal_weight=1083.67 935.898 804.93
internal_count=176 152 130
is_linear=0
shrinkage=0.1


Tree=56
num_leaves=5
num_cat=0
split_feature=21 14 0 2
split_gain=12.035 104.569 32.7829 45.2622
threshold=9.5000000000000018 23.252123076923088 15.000000000000002 14.562500000000002
decision_type=2 2 2 2
left_child=1 -1 3 -2
right_child=2 -3 -4 -5
leaf_value=-0.040001758394344465 -0.072997981532049214 0.057451747884709005 0.029251406484949907 -0.0033785727070805927
leaf_weight=203.734375 128.0703125 239.5859375 167.4765625 344.8046875
leaf_count=36 20 36 28 56
internal_value=5.77526e-10 0.0126656 -0.00876846 -0.0222338
internal_weight=1083.67 443.32 640.352 472.875
internal_count=176 72 104 76
is_linear=0
shrinkage=0.1


Tree=57
num_leaves=5
num_cat=0
split_feature=21 13 21 21
split_gain=13.698 50.5719 119.449 105.448
threshold=3.5000000000000004 -1.8124999999999998 10.500000000000002 7.5000000000000009
decision_type=2 2 2 2
left_child=-1 2 -2 -3
right_child=1 3 -4 -5
leaf_value=0.028294091583905386 0.10014056864196319 -0.094545475766334972 -0.021946032802473883 0.002297950208480773
leaf_weight=147.7734375 133.25 149.671875 201.0625 451.9140625
leaf_count=24 22 23 33 74
internal_value=-8.22287e-10 -0.00446749 0.0267151 -0.0217963
internal_weight=1083.67 935.898 334.312 601.586
internal_count=176 152 55 97
is_linear=0
shrinkage=0.1


Tree=58
num_leaves=4
num_cat=0
split_feature=21 14 21
split_gain=11.0954 46.7615 117.958
threshold=3.5000000000000004 23.252123076923088 7.5000000000000009
decision_type=2 2 2
left_child=-1 -2 -3
right_child=1 2 -4
leaf_value=0.025464685345780055 0.043932679113935662 -0.097023451900149743 0.0041378128360773985
leaf_weight=147.7734375 167.0546875 141.1953125 627.6484375
leaf_count=24 29 19 104
internal_value=-7.20533e-10 -0.00402074 -0.0144401
internal_weight=1083.67 935.898 768.844
internal_count=176 152 123
is_linear=0
shrinkage=0.1


Tree=59
num_leaves=6
num_cat=0
split_feature=14 21 21 11 21
split_gain=15.8582 93.4218 60.2115 44.8729 26.2437
threshold=23.638687500000003 3.5000000000000004 9.5000000000000018 -5.1608163326875358 18.500000000000004
decision_type=2 2 2 2 2
left_child=1 -1 -2 -3 -4
right_child=2 3 4 -5 -6
leaf_value=-0.08655940489746658 0.055000043501394959 -0.038850494429107582 -0.03823845288265787 0.036565394396452996 0.013840506414338805
leaf_weight=128.4921875 204.046875 115.6015625 193.015625 248.484375 194.03125
leaf_count=19 31 17 36 44 29
internal_value=2.68412e-09 -0.0132516 0.011043 0.01262 -0.0121306
internal_weight=1083.67 492.578 591.094 364.086 387.047
internal_count=176 80 96 61 65
is_linear=0
shrinkage=0.1


Tree=60
num_leaves=4
num_cat=0
split_feature=21 20 21
split_gain=15.1207 47.5166 65.9095
threshold=3.5000000000000004 -0.045999999999999992 6.5000000000000009
decision_type=2 2 2
left_child=-1 -2 -3
right_child=1 2 -4
leaf_value=0.029727107992633575 0.032125098073983949 -0.082761486223874914 -0.0034238353752532448
leaf_weight=147.7734375 255.0078125 129.2421875 551.6484375
leaf_count=24 41 19 92
internal_value=-9.54293e-10 -0.00469375 -0.0184832
internal_weight=1083.67 935.898 680.891
internal_count=176 152 111
is_linear=0
shrinkage=0.1


Tree=61
num_leaves=6
num_cat=0
split_feature=21 14 21 13 1
split_gain=14.4947 95.4796 31.1821 42.7033 17.6336
threshold=9.5000000000000018 23.252123076923088 14.500000000000002 -1.8124999999999998 11.478826328310866
decision_type=2 2 2 2 2
left_child=1 -1 3 -2 -4
right_child=2 -3 4 -5 -6
leaf_value=-0.036426563118121973 -0.082669265072648712 0.056695213222090063 0.03382131453638746 0.00046339455813082281 -0.0094643158771355873
leaf_weight=203.734375 113.125 239.5859375 157.7421875 136.1640625 233.3203125
leaf_count=36 16 36 25 27 36
internal_value=7.53534e-10 0.0138997 -0.00962289 -0.0372614 0.00799573
internal_weight=1083.67 443.32 640.352 249.289 391.062
internal_count=176 72 104 43 61
is_linear=0
shrinkage=0.1


Tree=62
num_leaves=4
num_cat=0
split_feature=21 0 1
split_gain=14.5712 47.7662 70.2374
threshold=3.5000000000000004 76.000000000000014 8.4498810467882652
decision_type=2 2 2
left_child=-1 2 -2
right_child=1 -3 -4
leaf_value=0.02918202952042856 -0.080178978305578116 0.045190205137706441 -0.00100324442364375
leaf_weight=147.7734375 135.8046875 159.7421875 640.3515625
leaf_count=24 21 27 104
internal_value=7.48034e-10 -0.00460769 -0.0148567
internal_weight=1083.67 935.898 776.156
internal_count=176 152 125
is_linear=0
shrinkage=0.1


Tree=63
num_leaves=4
num_cat=0
split_feature=21 14 21
split_gain=11.8027 41.6252 110.009
threshold=3.5000000000000004 23.252123076923088 7.5000000000000009
decision_type=2 2 2
left_child=-1 -2 -3
right_child=1 2 -4
leaf_value=0.026263814306498646 0.041096320074456329 -0.093729718719686744 0.0039636373552541689
leaf_weight=147.7734375 167.0546875 141.1953125 627.6484375
leaf_count=24 29 19 104
internal_value=8.27787e-10 -0.00414692 -0.0139774
internal_weight=1083.67 935.898 768.844
internal_count=176 152 123
is_linear=0
shrinkage=0.1


Tree=64
num_leaves=6
num_cat=0
split_feature=14 21 21 4 21
split_gain=15.4929 84.4043 56.0139 41.2088 20.5439
threshold=23.638687500000003 3.5000000000000004 9.5000000000000018 103.40614969983385 18.500000000000004
decision_type=2 2 2 2 2
left_child=1 -1 -2 -3 -4
right_child=2 3 4 -5 -6
leaf_value=-0.082778095127768361 0.053312200827715053 0.039299937625456256 -0.034535547678146171 -0.029210660421687587 0.01154218286031071
leaf_weight=128.4921875 204.046875 216.3125 193.015625 147.7734375 194.03125
leaf_count=19 31 37 36 24 29
internal_value=1.25681e-09 -0.0130981 0.0109151 0.0114932 -0.0114362
internal_weight=1083.67 492.578 591.094 364.086 387.047
internal_count=176 80 96 61 65
is_linear=0
shrinkage=0.1


Tree=65
num_leaves=4
num_cat=0
split_feature=21 20 21
split_gain=15.5432 41.1825 45.171
threshold=3.5000000000000004 0.12900000000000003 11.750000000000002
decision_type=2 2 2
left_child=-1 2 -2
right_child=1 -3 -4
leaf_value=0.030139561571710619 0.031970525325897572 -0.04686990556278043 -0.017232330803865201
leaf_weight=147.7734375 349.3359375 186.0625 400.5
leaf_count=24 58 30 64
internal_value=-2.1726e-10 -0.00475888 0.00569045
internal_weight=1083.67 935.898 749.836
internal_count=176 152 122
is_linear=0
shrinkage=0.1


Tree=66
num_leaves=6
num_cat=0
split_feature=14 21 21 18 11
split_gain=14.9442 72.6587 39.1281 35.6587 19.0627
threshold=23.638687500000003 3.5000000000000004 9.5000000000000018 1.6095000000000004 -0.41877180707702694
decision_type=2 2 2 2 2
left_child=1 -1 -2 -3 -4
right_child=2 3 4 -5 -6
leaf_value=-0.077514251729394995 0.046155077327182319 -0.016239061138807114 0.013345499149674681 0.047346484738107673 -0.031076830724365092
leaf_weight=128.4921875 204.046875 214.1171875 201.40625 149.96875 185.640625
leaf_count=19 31 33 34 28 31
internal_value=-7.19157e-10 -0.012864 0.01072 0.00995213 -0.00796094
internal_weight=1083.67 492.578 591.094 364.086 387.047
internal_count=176 80 96 61 65
is_linear=0
shrinkage=0.1


Tree=67
num_leaves=4
num_cat=0
split_feature=21 20 21
split_gain=18.9321 38.4845 71.5694
threshold=3.5000000000000004 -0.045999999999999992 8.5000000000000018
decision_type=2 2 2
left_child=-1 -2 -3
right_child=1 2 -4
leaf_value=0.033263418957445313 0.027883168201207537 -0.070828430377302673 0.0021082785972812582
leaf_weight=147.7734375 255.0078125 184.5625 496.328125
leaf_count=24 41 29 82
internal_value=1.1743e-09 -0.00525212 -0.017662
internal_weight=1083.67 935.898 680.891
internal_count=176 152 111
is_linear=0
shrinkage=0.1


Tree=68
num_leaves=4
num_cat=0
split_feature=21 13 21
split_gain=15.335 34.9866 71.0784
threshold=3.5000000000000004 -2.1874999999999996 10.500000000000002
decision_type=2 2 2
left_child=-1 -2 -3
right_child=1 2 -4
leaf_value=0.029937075706439581 0.033896060809322358 -0.05312122322896691 0.01012679143869695
leaf_weight=147.7734375 187.5390625 290.2734375 458.0859375
leaf_count=24 32 46 74
internal_value=6.75155e-10 -0.00472691 -0.0144058
internal_weight=1083.67 935.898 748.359
internal_count=176 152 120
is_linear=0
shrinkage=0.1


Tree=69
num_leaves=5
num_cat=0
split_feature=21 4 11 7
split_gain=14.8154 88.1795 37.1363 33.612
threshold=6.5000000000000009 98.177696459014726 -5.1608163326875358 11.175000000000002
decision_type=2 2 2 2
left_child=1 -1 -2 -4
right_child=2 -3 3 -5
leaf_value=-0.045724688177918013 -0.054283410084261768 0.06512394981786078 0.046020227807596917 -0.0091331994630873443
leaf_weight=122.7265625 137.9609375 172.8203125 141.1328125 509.03125
leaf_count=20 20 28 26 82
internal_value=-2.16435e-09 0.0190938 -0.00716017 0.0028391
internal_weight=1083.67 295.547 788.125 650.164
internal_count=176 48 128 108
is_linear=0
shrinkage=0.1


Tree=70
num_leaves=6
num_cat=0
split_feature=14 21 21 21 10
split_gain=13.2623 74.514 43.6925 36.2103 19.0083
threshold=23.638687500000003 3.5000000000000004 9.5000000000000018 12.500000000000002 0.62283333333333357
decision_type=2 2 2 2 2
left_child=1 -1 -2 -3 -4
right_child=2 3 4 -5 -6
leaf_value=-0.077588988901554523 0.047543678835784052 0.038188919279802148 -0.039516294217428298 -0.025574891201825364 0.0067973986247060574
leaf_weight=128.4921875 204.046875 208.765625 137.3828125 155.3203125 249.6640625
leaf_count=19 31 35 24 26 41
internal_value=1.90446e-10 -0.0121186 0.0100988 0.0109871 -0.00964171
internal_weight=1083.67 492.578 591.094 364.086 387.047
internal_count=176 80 96 61 65
is_linear=0
shrinkage=0.1


Tree=71
num_leaves=4
num_cat=0
split_feature=21 14 21
split_gain=16.7524 33.4418 104.571
threshold=3.5000000000000004 23.252123076923088 7.5000000000000009
decision_type=2 2 2
left_child=-1 -2 -3
right_child=1 2 -4
leaf_value=0.031289982948232639 0.035612215913502221 -0.091508128188836163 0.0037401570428496353
leaf_weight=147.7734375 167.0546875 141.1953125 627.6484375
leaf_count=24 29 19 104
internal_value=8.381e-10 -0.00494052 -0.0137518
internal_weight=1083.67 935.898 768.844
internal_count=176 152 123
is_linear=0
shrinkage=0.1


Tree=72
num_leaves=6
num_cat=0
split_feature=14 21 21 4 21
split_gain=15.4509 62.3295 44.6329 29.499 16.0592
threshold=23.638687500000003 3.5000000000000004 9.5000000000000018 103.40614969983385 18.500000000000004
decision_type=2 2 2 2 2
left_child=1 -1 -2 -3 -4
right_child=2 3 4 -5 -6
leaf_value=-0.072959089322663331 0.048745905610848489 0.031578521933799467 -0.029474537739104842 -0.02638654913059026 0.011264529530025562
leaf_weight=128.4921875 204.046875 216.3125 193.015625 147.7734375 194.03125
leaf_count=19 31 37 36 24 29
internal_value=-8.27787e-10 -0.0130803 0.0109003 0.00805194 -0.00905155
internal_weight=1083.67 492.578 591.094 364.086 387.047
internal_count=176 80 96 61 65
is_linear=0
shrinkage=0.1


Tree=73
num_leaves=4
num_cat=0
split_feature=21 20 19
split_gain=19.6276 33.5337 37.7985
threshold=3.5000000000000004 0.12900000000000003 5.7115000000000009
decision_type=2 2 2
left_child=-1 2 -2
right_child=1 -3 -4
leaf_value=0.033868901421397944 -0.0057755793470841508 -0.043347439671427686 0.055221633074900016
leaf_weight=147.7734375 628.6640625 186.0625 121.171875
leaf_count=24 100 30 22
internal_value=5.8887e-10 -0.00534772 0.00408144
internal_weight=1083.67 935.898 749.836
internal_count=176 152 122
is_linear=0
shrinkage=0.1


Tree=74
num_leaves=4
num_cat=0
split_feature=21 20 21
split_gain=15.8984 29.9182 65.0796
threshold=3.5000000000000004 -0.045999999999999992 12.500000000000002
decision_type=2 2 2
left_child=-1 -2 -3
right_child=1 2 -4
leaf_value=0.030482009617449776 0.024402688552539967 -0.047242271694244969 0.014600148929004939
leaf_weight=147.7734375 255.0078125 334.2109375 346.6796875
leaf_count=24 41 56 55
internal_value=-1.17602e-09 -0.00481295 -0.0157548
internal_weight=1083.67 935.898 680.891
internal_count=176 152 111
is_linear=0
shrinkage=0.1


Tree=75
num_leaves=7
num_cat=0
split_feature=14 21 21 18 21 20
split_gain=14.4598 61.4286 41.7572 48.0932 33.8143 7.38301
threshold=23.638687500000003 3.5000000000000004 15.500000000000002 0.21450000000000002 12.500000000000002 -1.0000000180025095e-35
decision_type=2 2 2 2 2 2
left_child=1 -1 3 -2 -3 -4
right_child=2 4 5 -5 -6 -7
leaf_value=-0.072098272442708972 -0.0018619518602416615 0.034611625634270442 -0.037963213037921724 0.073487726535090836 -0.027006487503904893 -0.0036413522683858206
leaf_weight=128.4921875 181.1875 208.765625 122.5625 159.078125 155.3203125 128.265625
leaf_count=19 28 35 19 27 26 22
internal_value=-2.25108e-09 -0.0126538 0.0105449 0.0333649 0.00832513 -0.0204121
internal_weight=1083.67 492.578 591.094 340.266 364.086 250.828
internal_count=176 80 96 55 61 41
is_linear=0
shrinkage=0.1


Tree=76
num_leaves=4
num_cat=0
split_feature=21 20 21
split_gain=18.5317 28.072 60.7162
threshold=3.5000000000000004 -0.045999999999999992 12.500000000000002
decision_type=2 2 2
left_child=-1 -2 -3
right_child=1 2 -4
leaf_value=0.03290978000367599 0.023103602263189804 -0.046208760335927551 0.013524541660362566
leaf_weight=147.7734375 255.0078125 334.2109375 346.6796875
leaf_count=24 41 56 55
internal_value=1.06705e-09 -0.00519628 -0.0157952
internal_weight=1083.67 935.898 680.891
internal_count=176 152 111
is_linear=0
shrinkage=0.1


Tree=77
num_leaves=4
num_cat=0
split_feature=21 0 1
split_gain=15.0107 29.836 37.7099
threshold=3.5000000000000004 76.000000000000014 8.4498810467882652
decision_type=2 2 2
left_child=-1 2 -2
right_child=1 -3 -4
leaf_value=0.029618788902450108 -0.060640354037991208 0.034680240034281655 -0.002625938712921543
leaf_weight=147.7734375 135.8046875 159.7421875 640.3515625
leaf_count=24 21 27 104
internal_value=-5.82339e-10 -0.00467665 -0.0127768
internal_weight=1083.67 935.898 776.156
internal_count=176 152 125
is_linear=0
shrinkage=0.1


Tree=78
num_leaves=5
num_cat=0
split_feature=7 21 4 0
split_gain=14.2651 35.3236 67.7694 29.5323
threshold=5.2250000000000005 9.5000000000000018 98.365088474833996 15.000000000000002
decision_type=2 2 2 2
left_child=-1 2 -2 -3
right_child=1 3 -4 -5
leaf_value=-0.028873890718706632 -0.018574847028913346 -0.021419748773405925 0.077481889488337438 0.027446328013803097
leaf_weight=147.7734375 136.3828125 472.875 159.1640625 167.4765625
leaf_count=24 23 76 25 28
internal_value=1.20318e-09 0.00455904 0.0331556 -0.00863939
internal_weight=1083.67 935.898 295.547 640.352
internal_count=176 152 48 104
is_linear=0
shrinkage=0.1


Tree=79
num_leaves=6
num_cat=0
split_feature=14 21 21 21 11
split_gain=14.5796 59.2375 36.3382 29.5356 19.4815
threshold=23.638687500000003 3.5000000000000004 9.5000000000000018 12.500000000000002 -0.41877180707702694
decision_type=2 2 2 2 2
left_child=1 -1 -2 -3 -4
right_child=2 3 4 -5 -6
leaf_value=-0.07108084492577009 0.044736871822330014 0.032462424623797587 0.014125019044400743 -0.025125455388624204 -0.030782581076017185
leaf_weight=128.4921875 204.046875 208.765625 201.40625 155.3203125 185.640625
leaf_count=19 31 35 34 26 31
internal_value=-4.74826e-11 -0.0127062 0.0105885 0.00789524 -0.00741417
internal_weight=1083.67 492.578 591.094 364.086 387.047
internal_count=176 80 96 61 65
is_linear=0
shrinkage=0.1


Tree=80
num_leaves=4
num_cat=0
split_feature=21 13 21
split_gain=17.359 28.0818 71.0496
threshold=3.5000000000000004 -2.1874999999999996 7.5000000000000009
decision_type=2 2 2
left_child=-1 -2 -3
right_child=1 2 -4
leaf_value=0.03185144201082557 0.029573283148815029 -0.069740852792392991 0.0032408955558969575
leaf_weight=147.7734375 187.5390625 173.71875 574.640625
leaf_count=24 32 26 94
internal_value=-6.00902e-10 -0.00502918 -0.0137006
internal_weight=1083.67 935.898 748.359
internal_count=176 152 120
is_linear=0
shrinkage=0.1


Tree=81
num_leaves=5
num_cat=0
split_feature=21 4 11 7
split_gain=14.2307 66.4729 36.0134 32.6108
threshold=6.5000000000000009 98.177696459014726 -5.1608163326875358 11.175000000000002
decision_type=2 2 2 2
left_child=1 -1 -2 -4
right_child=2 -3 3 -5
leaf_value=-0.037564603472979269 -0.053422801247120469 0.058678308289228147 0.04536265313311888 -0.0089631571720827502
leaf_weight=122.7265625 137.9609375 172.8203125 141.1328125 509.03125
leaf_count=20 20 28 26 82
internal_value=8.26412e-10 0.0187132 -0.00701745 0.00282949
internal_weight=1083.67 295.547 788.125 650.164
internal_count=176 48 128 108
is_linear=0
shrinkage=0.1


Tree=82
num_leaves=6
num_cat=0
split_feature=14 21 21 21 10
split_gain=13.3332 55.5492 34.6198 24.9924 17.5283
threshold=23.638687500000003 3.5000000000000004 9.5000000000000018 12.500000000000002 0.62283333333333357
decision_type=2 2 2 2 2
left_child=1 -1 -2 -3 -4
right_child=2 3 4 -5 -6
leaf_value=-0.068679092786678428 0.043456954453621174 0.030397686880868441 -0.036134038713122756 -0.022576224209706938 0.0083400958850520512
leaf_weight=128.4921875 204.046875 208.765625 137.3828125 155.3203125 249.6640625
leaf_count=19 31 35 24 26 41
internal_value=1.0533e-09 -0.0121509 0.0101258 0.00779883 -0.00744606
internal_weight=1083.67 492.578 591.094 364.086 387.047
internal_count=176 80 96 61 65
is_linear=0
shrinkage=0.1


Tree=83
num_leaves=4
num_cat=0
split_feature=21 20 19
split_gain=17.8651 27.5809 31.0082
threshold=3.5000000000000004 0.12900000000000003 5.7115000000000009
decision_type=2 2 2
left_child=-1 2 -2
right_child=1 -3 -4
leaf_value=0.032312452501321705 -0.0054784428931264487 -0.039564196071169865 0.049768913756025601
leaf_weight=147.7734375 628.6640625 186.0625 121.171875
leaf_count=24 100 30 22
internal_value=1.27331e-09 -0.00510196 0.00344941
internal_weight=1083.67 935.898 749.836
internal_count=176 152 122
is_linear=0
shrinkage=0.1


Tree=84
num_leaves=4
num_cat=0
split_feature=21 0 1
split_gain=14.4707 22.5337 42.6507
threshold=3.5000000000000004 76.000000000000014 8.4498810467882652
decision_type=2 2 2
left_child=-1 2 -2
right_child=1 -3 -4
leaf_value=0.029081212930379331 -0.062533842902158021 0.029611417880739017 -0.00083584340475465553
leaf_weight=147.7734375 135.8046875 159.7421875 640.3515625
leaf_count=24 21 27 104
internal_value=7.7966e-10 -0.00459177 -0.0116312
internal_weight=1083.67 935.898 776.156
internal_count=176 152 125
is_linear=0
shrinkage=0.1


Tree=85
num_leaves=7
num_cat=0
split_feature=14 21 21 18 11 20
split_gain=13.7581 53.7545 30.0374 38.6316 21.8177 7.94877
threshold=23.638687500000003 3.5000000000000004 15.500000000000002 0.21450000000000002 -5.1608163326875358 -1.0000000180025095e-35
decision_type=2 2 2 2 2 2
left_child=1 -1 3 -2 -3 -4
right_child=2 4 5 -5 -6 -7
leaf_value=-0.067950544660559775 -0.0019317336146606992 -0.028607874702277793 -0.034181055956990787 0.065600466187254833 0.023978697179451173 0.0014315813231633749
leaf_weight=128.4921875 181.1875 115.6015625 122.5625 159.078125 248.484375 128.265625
leaf_count=19 28 17 19 27 44 22
internal_value=2.41736e-09 -0.012343 0.0102858 0.0296404 0.00728184 -0.0159699
internal_weight=1083.67 492.578 591.094 340.266 364.086 250.828
internal_count=176 80 96 55 61 41
is_linear=0
shrinkage=0.1


Tree=86
num_leaves=5
num_cat=0
split_feature=21 20 21 21
split_gain=16.8426 24.5928 116.491 38.6202
threshold=3.5000000000000004 1.0000000180025095e-35 13.500000000000002 11.750000000000002
decision_type=2 2 2 2
left_child=-1 3 -3 -2
right_child=1 2 -4 -5
leaf_value=0.031374109980608154 0.032177456107854809 -0.10441033154598121 0.034461455527193534 -0.015575677108080053
leaf_weight=147.7734375 293.453125 116.5 125.4453125 400.5
leaf_count=24 47 22 19 64
internal_value=8.12662e-10 -0.00495381 -0.0324072 0.00461777
internal_weight=1083.67 935.898 241.945 693.953
internal_count=176 152 41 111
is_linear=0
shrinkage=0.1


Tree=87
num_leaves=4
num_cat=0
split_feature=21 20 21
split_gain=13.6425 22.6734 63.959
threshold=3.5000000000000004 -0.045999999999999992 11.250000000000002
decision_type=2 2 2
left_child=-1 -2 -3
right_child=1 2 -4
leaf_value=0.02823669643336555 0.020975040807315253 -0.050440401482628343 0.011782285313368702
leaf_weight=147.7734375 255.0078125 281.953125 398.9375
leaf_count=24 41 45 66
internal_value=-3.76595e-10 -0.00445843 -0.0139838
internal_weight=1083.67 935.898 680.891
internal_count=176 152 111
is_linear=0
shrinkage=0.1


Tree=88
num_leaves=5
num_cat=0
split_feature=7 21 4 0
split_gain=13.061 27.7959 53.1654 30.9257
threshold=5.2250000000000005 9.5000000000000018 98.365088474833996 15.000000000000002
decision_type=2 2 2 2
left_child=-1 2 -2 -3
right_child=1 3 -4 -5
leaf_value=-0.027628382441545647 -0.016089253748734055 -0.020423954178535084 0.068990313644607656 0.029581667188333091
leaf_weight=147.7734375 136.3828125 472.875 159.1640625 167.4765625
leaf_count=24 23 76 25 28
internal_value=-1.41081e-09 0.00436237 0.0297296 -0.00734556
internal_weight=1083.67 935.898 295.547 640.352
internal_count=176 152 48 104
is_linear=0
shrinkage=0.1


Tree=89
num_leaves=6
num_cat=0
split_feature=14 21 21 11 21
split_gain=14.7018 51.0627 29.1668 24.1614 18.4252
threshold=23.638687500000003 3.5000000000000004 9.5000000000000018 -5.1608163326875358 18.500000000000004
decision_type=2 2 2 2 2
left_child=1 -1 -2 -3 -4
right_child=2 3 4 -5 -6
leaf_value=-0.066956632953578163 0.041226522461890958 -0.031400395283999058 -0.027371768083667349 0.023938662965500242 0.016265373134751276
leaf_weight=128.4921875 204.046875 115.6015625 193.015625 248.484375 194.03125
leaf_count=19 31 17 36 44 29
internal_value=-4.20769e-10 -0.0127593 0.0106328 0.00636786 -0.00549594
internal_weight=1083.67 492.578 591.094 364.086 387.047
internal_count=176 80 96 61 65
is_linear=0
shrinkage=0.1


Tree=90
num_leaves=4
num_cat=0
split_feature=21 20 21
split_gain=15.8465 25.297 26.5172
threshold=3.5000000000000004 0.12900000000000003 11.750000000000002
decision_type=2 2 2
left_child=-1 2 -2
right_child=1 -3 -4
leaf_value=0.030432202961594226 0.023520007580835309 -0.03780964273792968 -0.014178519808546584
leaf_weight=147.7734375 349.3359375 186.0625 400.5
leaf_count=24 58 30 64
internal_value=1.20455e-09 -0.00480508 0.00338459
internal_weight=1083.67 935.898 749.836
internal_count=176 152 122
is_linear=0
shrinkage=0.1


Tree=91
num_leaves=7
num_cat=0
split_feature=14 21 21 18 11 20
split_gain=13.9252 45.0145 23.5983 39.5366 21.1027 5.64953
threshold=23.638687500000003 3.5000000000000004 15.500000000000002 0.21450000000000002 -5.1608163326875358 -1.0000000180025095e-35
decision_type=2 2 2 2 2 2
left_child=1 -1 3 -2 -3 -4
right_child=2 4 5 -5 -6 -7
leaf_value=-0.06330418373637195 -0.004436630362187965 -0.029755816724225139 -0.028276883577096835 0.063882020568697781 0.021961958042699601 0.0017465546587408353
leaf_weight=128.4921875 181.1875 115.6015625 122.5625 159.078125 248.484375 128.265625
leaf_count=19 28 17 19 27 44 22
internal_value=-9.81794e-10 -0.0124177 0.0103481 0.0275031 0.00554096 -0.0129238
internal_weight=1083.67 492.578 591.094 340.266 364.086 250.828
internal_count=176 80 96 55 61 41
is_linear=0
shrinkage=0.1


Tree=92
num_leaves=4
num_cat=0
split_feature=21 20 21
split_gain=17.7521 22.774 67.6704
threshold=3.5000000000000004 -0.045999999999999992 11.250000000000002
decision_type=2 2 2
left_child=-1 -2 -3
right_child=1 2 -4
leaf_value=0.032210145607972758 0.020404058379112536 -0.0521317341361359 0.01187080046085846
leaf_weight=147.7734375 255.0078125 281.953125 398.9375
leaf_count=24 41 45 66
internal_value=3.13514e-10 -0.00508581 -0.0146323
internal_weight=1083.67 935.898 680.891
internal_count=176 152 111
is_linear=0
shrinkage=0.1


Tree=93
num_leaves=4
num_cat=0
split_feature=21 20 21
split_gain=14.3792 22.4436 27.1228
threshold=3.5000000000000004 0.12900000000000003 11.750000000000002
decision_type=2 2 2
left_child=-1 2 -2
right_child=1 -3 -4
leaf_value=0.028989125513192243 0.023500764512594523 -0.035664729732453208 -0.01462575960695074
leaf_weight=147.7734375 349.3359375 186.0625 400.5
leaf_count=24 58 30 64
internal_value=-1.07805e-09 -0.00457723 0.00313675
internal_weight=1083.67 935.898 749.836
internal_count=176 152 122
is_linear=0
shrinkage=0.1


Tree=94
num_leaves=5
num_cat=0
split_feature=7 21 4 21
split_gain=12.9936 18.3367 49.6682 29.6137
threshold=5.2250000000000005 9.5000000000000018 98.365088474833996 14.500000000000002
decision_type=2 2 2 2
left_child=-1 2 -2 -3
right_child=1 3 -4 -5
leaf_value=-0.027556983086598354 -0.019331578863659299 -0.032092705180612184 0.06290217776750949 0.012011576156104091
leaf_weight=147.7734375 136.3828125 249.2890625 159.1640625 391.0625
leaf_count=24 23 43 25 61
internal_value=-2.25785e-09 0.0043511 0.0249547 -0.00515823
internal_weight=1083.67 935.898 295.547 640.352
internal_count=176 152 48 104
is_linear=0
shrinkage=0.1


Tree=95
num_leaves=7
num_cat=0
split_feature=14 21 21 21 18 20
split_gain=12.6852 45.0065 21.4646 20.9953 32.7453 5.38294
threshold=23.638687500000003 3.5000000000000004 12.500000000000002 15.500000000000002 0.21450000000000002 -1.0000000180025095e-35
decision_type=2 2 2 2 2 2
left_child=1 -1 -3 4 -2 -5
right_child=3 2 -4 5 -6 -7
leaf_value=-0.062733888930518289 -0.0030095273110322934 0.027048368006442787 -0.022044606120298224 -0.027060760982422001 0.059165206188280223 0.002245750826885471
leaf_weight=128.4921875 181.1875 208.765625 155.3203125 122.5625 159.078125 128.265625
leaf_count=19 28 35 26 19 27 22
internal_value=-7.63159e-10 -0.011852 0.00610514 0.00987664 0.0260579 -0.0120743
internal_weight=1083.67 492.578 364.086 591.094 340.266 250.828
internal_count=176 80 61 96 55 41
is_linear=0
shrinkage=0.1


Tree=96
num_leaves=5
num_cat=0
split_feature=21 21 0 14
split_gain=16.3131 21.9867 72.6516 60.8752
threshold=3.5000000000000004 16.500000000000004 4.0000000000000009 24.958633190883194
decision_type=2 2 2 2
left_child=-1 2 -2 -3
right_child=1 3 -4 -5
leaf_value=0.030877046476682282 0.054485472228056921 0.059047728750923727 -0.031413653198900812 -0.03266027656945264
leaf_weight=147.7734375 121.3515625 161.140625 522 131.40625
leaf_count=24 21 25 86 20
internal_value=8.89665e-10 -0.00487532 -0.015211 0.0178543
internal_weight=1083.67 935.898 643.352 292.547
internal_count=176 152 107 45
is_linear=0
shrinkage=0.1


Tree=97
num_leaves=4
num_cat=0
split_feature=21 14 21
split_gain=13.2136 21.5734 97.8356
threshold=3.5000000000000004 23.252123076923088 7.5000000000000009
decision_type=2 2 2
left_child=-1 -2 -3
right_child=1 2 -4
leaf_value=0.027789339392770701 0.028183473619950675 -0.086675232880038866 0.0054543710523270198
leaf_weight=147.7734375 167.0546875 141.1953125 627.6484375
leaf_count=24 29 19 104
internal_value=-1.41906e-09 -0.00438779 -0.0114649
internal_weight=1083.67 935.898 768.844
internal_count=176 152 123
is_linear=0
shrinkage=0.1


Tree=98
num_leaves=6
num_cat=0
split_feature=14 21 21 11 21
split_gain=13.1679 43.8987 25.5039 20.311 19.4121
threshold=23.638687500000003 3.5000000000000004 9.5000000000000018 -5.1608163326875358 18.500000000000004
decision_type=2 2 2 2 2
left_child=1 -1 -2 -3 -4
right_child=2 3 4 -5 -6
leaf_value=-0.062327137504833235 0.038671070268803141 -0.028968888839821707 -0.027473184657677809 0.021769386623248 0.017317267964861209
leaf_weight=128.4921875 204.046875 115.6015625 193.015625 248.484375 194.03125
leaf_count=19 31 17 36 44 29
internal_value=1.53224e-09 -0.0120753 0.0100628 0.00565939 -0.00501919
internal_weight=1083.67 492.578 591.094 364.086 387.047
internal_count=176 80 96 61 65
is_linear=0
shrinkage=0.1


Tree=99
num_leaves=4
num_cat=0
split_feature=21 20 21
split_gain=15.323 21.5047 24.8118
threshold=3.5000000000000004 0.12900000000000003 11.750000000000002
decision_type=2 2 2
left_child=-1 2 -2
right_child=1 -3 -4
leaf_value=0.029925308973739431 0.022303011050816685 -0.035155333309795055 -0.014163095153375214
leaf_weight=147.7734375 349.3359375 186.0625 400.5
leaf_count=24 58 30 64
internal_value=2.18635e-10 -0.00472505 0.00282585
internal_weight=1083.67 935.898 749.836
internal_count=176 152 122
is_linear=0
shrinkage=0.1


end of trees

feature_importances:
Column_21=201
Column_11=41
Column_0=30
Column_14=27
Column_20=18
Column_1=17
Column_13=17
Column_4=16
Column_7=16
Column_18=9
Column_8=6
Column_9=5
Column_10=5
Column_6=3
Column_2=2
Column_19=2
Column_16=1

parameters:
[boosting: gbdt]
[objective: regression]
[metric: l2]
[tree_learner: serial]
[device_type: cpu]
[data_sample_strategy: bagging]
[data: ]
[valid: ]
[num_iterations: 20]
[learning_rate: 0.1]
[num_leaves: 8]
[num_threads: 12]
[seed: 42]
[deterministic: 0]
[force_col_wise: 0]
[force_row_wise: 0]
[histogram_pool_size: -1]
[max_depth: 3]
[min_data_in_leaf: 20]
[min_sum_hessian_in_leaf: 0.001]
[bagging_fraction: 0.8]
[pos_bagging_fraction: 1]
[neg_bagging_fraction: 1]
[bagging_freq: 0]
[bagging_seed: 400]
[bagging_by_query: 0]
[feature_fraction: 1]
[feature_fraction_bynode: 1]
[feature_fraction_seed: 30056]
[extra_trees: 0]
[extra_seed: 12879]
[early_stopping_round: 0]
[early_stopping_min_delta: 0]
[first_metric_only: 0]
[max_delta_step: 0]
[lambda_l1: 0]
[lambda_l2: 0]
[linear_lambda: 0]
[min_gain_to_split: 0]
[drop_rate: 0.1]
[max_drop: 50]
[skip_drop: 0.5]
[xgboost_dart_mode: 0]
[uniform_drop: 0]
[drop_seed: 17869]
[top_rate: 0.2]
[other_rate: 0.1]
[min_data_per_group: 100]
[max_cat_threshold: 32]
[cat_l2: 10]
[cat_smooth: 10]
[max_cat_to_onehot: 4]
[top_k: 20]
[monotone_constraints: ]
[monotone_constraints_method: basic]
[monotone_penalty: 0]
[feature_contri: ]
[forcedsplits_filename: ]
[refit_decay_rate: 0.9]
[cegb_tradeoff: 1]
[cegb_penalty_split: 0]
[cegb_penalty_feature_lazy: ]
[cegb_penalty_feature_coupled: ]
[path_smooth: 0]
[interaction_constraints: ]
[verbosity: -1]
[saved_feature_importance_type: 0]
[use_quantized_grad: 0]
[num_grad_quant_bins: 4]
[quant_train_renew_leaf: 0]
[stochastic_rounding: 1]
[linear_tree: 0]
[max_bin: 255]
[max_bin_by_feature: ]
[min_data_in_bin: 3]
[bin_construct_sample_cnt: 200000]
[data_random_seed: 175]
[is_enable_sparse: 1]
[enable_bundle: 1]
[use_missing: 1]
[zero_as_missing: 0]
[feature_pre_filter: 1]
[pre_partition: 0]
[two_round: 0]
[header: 0]
[label_column: ]
[weight_column: ]
[group_column: ]
[ignore_column: ]
[categorical_feature: ]
[forcedbins_filename: ]
[precise_float_parser: 0]
[parser_config_file: ]
[objective_seed: 16083]
[num_class: 1]
[is_unbalance: 0]
[scale_pos_weight: 1]
[sigmoid: 1]
[boost_from_average: 1]
[reg_sqrt: 0]
[alpha: 0.9]
[fair_c: 1]
[poisson_max_delta_step: 0.7]
[tweedie_variance_power: 1.5]
[lambdarank_truncation_level: 30]
[lambdarank_norm: 1]
[label_gain: ]
[lambdarank_position_bias_regularization: 0]
[eval_at: ]
[multi_error_top_k: 1]
[auc_mu_weights: ]
[num_machines: 1]
[local_listen_port: 12400]
[time_out: 120]
[machine_list_filename: ]
[machines: ]
[gpu_platform_id: -1]
[gpu_device_id: -1]
[gpu_use_dp: 0]
[num_gpu: 1]

end of parameters

pandas_categorical:null
